0
0
0
0
0
0
0
0
0
0
0
0
0
0
0
0
0
0
0
0
0
0
0
0
0
0
0
0
0
0
0
0
0
0
0
0
0
0
0
0
0
0
0
0
0
0
0
0
0
0
4.44089e-16
1.77636e-15
2.66454e-14
9.76996e-14
7.81153e-13
2.64322e-12
1.49321e-11
4.68958e-11
2.09512e-10
6.1376e-10
2.30283e-09
6.31992e-09
2.06628e-08
5.33294e-08
1.55734e-07
3.79291e-07
1.00678e-06
2.32098e-06
5.67295e-06
1.24138e-05
2.82178e-05
5.87596e-05
0.000125189
0.000248657
0.000499664
0.00094871
0.0018073
0.00328693
0.00596168
0.0104056
0.0180348
0.0302653
0.0502833
0.0812748
0.1298
0.202417
0.311518
0.469493
0.697862
1.01815
1.46478
2.07219
2.89121
3.97266
5.38587
7.20014
9.50286
12.3814
15.9378
20.274